Initializing Thread Sweep for Quick Hull

Maximum number of threads = 8

 ================================================ 

size: 1000000
Number of threads used = 1
The points in Convex Hull are:
(0, 25) (0, 4424) (0, 9953) (2, 9976) (6, 9992) (7, 9994) (17, 0) (138, 9999) (9959, 9999) (9986, 0) (9996, 6) (9997, 8) (9998, 9997) (9999, 127) (9999, 2496) (9999, 9989) 

Tiempo: 262464

Number of threads used = 2
The points in Convex Hull are:
(0, 25) (0, 4424) (0, 9953) (2, 9976) (6, 9992) (7, 9994) (17, 0) (138, 9999) (9959, 9999) (9986, 0) (9996, 6) (9997, 8) (9998, 9997) (9999, 127) (9999, 2496) (9999, 9989) 

Tiempo: 263721

Number of threads used = 3
The points in Convex Hull are:
(0, 25) (0, 4424) (0, 9953) (2, 9976) (6, 9992) (7, 9994) (17, 0) (138, 9999) (9959, 9999) (9986, 0) (9996, 6) (9997, 8) (9998, 9997) (9999, 127) (9999, 2496) (9999, 9989) 

Tiempo: 262182

Number of threads used = 4
The points in Convex Hull are:
(0, 25) (0, 4424) (0, 9953) (2, 9976) (6, 9992) (7, 9994) (17, 0) (138, 9999) (9959, 9999) (9986, 0) (9996, 6) (9997, 8) (9998, 9997) (9999, 127) (9999, 2496) (9999, 9989) 

Tiempo: 261899

Number of threads used = 5
The points in Convex Hull are:
(0, 25) (0, 4424) (0, 9953) (2, 9976) (6, 9992) (7, 9994) (17, 0) (138, 9999) (9959, 9999) (9986, 0) (9996, 6) (9997, 8) (9998, 9997) (9999, 127) (9999, 2496) (9999, 9989) 

Tiempo: 270940

Number of threads used = 6
The points in Convex Hull are:
(0, 25) (0, 4424) (0, 9953) (2, 9976) (6, 9992) (7, 9994) (17, 0) (138, 9999) (9959, 9999) (9986, 0) (9996, 6) (9997, 8) (9998, 9997) (9999, 127) (9999, 2496) (9999, 9989) 

Tiempo: 263273

Number of threads used = 7
The points in Convex Hull are:
(0, 25) (0, 4424) (0, 9953) (2, 9976) (6, 9992) (7, 9994) (17, 0) (138, 9999) (9959, 9999) (9986, 0) (9996, 6) (9997, 8) (9998, 9997) (9999, 127) (9999, 2496) (9999, 9989) 

Tiempo: 264408

Number of threads used = 8
The points in Convex Hull are:
(0, 25) (0, 4424) (0, 9953) (2, 9976) (6, 9992) (7, 9994) (17, 0) (138, 9999) (9959, 9999) (9986, 0) (9996, 6) (9997, 8) (9998, 9997) (9999, 127) (9999, 2496) (9999, 9989) 

Tiempo: 262080

 ================================================ 
Maximum number of threads = 8

 ================================================ 

size: 100000
Number of threads used = 1
The points in Convex Hull are:
(0, 2668) (0, 4145) (0, 8944) (1, 308) (2, 9300) (6, 9701) (7, 55) (9, 9994) (34, 12) (86, 5) (211, 9995) (501, 9996) (519, 2) (1265, 9998) (2046, 0) (2507, 9999) (9866, 9999) (9911, 0) (9956, 9980) (9982, 8) (9993, 9959) (9996, 23) (9997, 109) (9997, 9817) (9999, 464) (9999, 4793) (9999, 9593) 

Tiempo: 44553

Number of threads used = 2
The points in Convex Hull are:
(0, 2668) (0, 4145) (0, 8944) (1, 308) (2, 9300) (6, 9701) (7, 55) (9, 9994) (34, 12) (86, 5) (211, 9995) (501, 9996) (519, 2) (1265, 9998) (2046, 0) (2507, 9999) (9866, 9999) (9911, 0) (9956, 9980) (9982, 8) (9993, 9959) (9996, 23) (9997, 109) (9997, 9817) (9999, 464) (9999, 4793) (9999, 9593) 

Tiempo: 45947

Number of threads used = 3
The points in Convex Hull are:
(0, 2668) (0, 4145) (0, 8944) (1, 308) (2, 9300) (6, 9701) (7, 55) (9, 9994) (34, 12) (86, 5) (211, 9995) (501, 9996) (519, 2) (1265, 9998) (2046, 0) (2507, 9999) (9866, 9999) (9911, 0) (9956, 9980) (9982, 8) (9993, 9959) (9996, 23) (9997, 109) (9997, 9817) (9999, 464) (9999, 4793) (9999, 9593) 

Tiempo: 44445

Number of threads used = 4
The points in Convex Hull are:
(0, 2668) (0, 4145) (0, 8944) (1, 308) (2, 9300) (6, 9701) (7, 55) (9, 9994) (34, 12) (86, 5) (211, 9995) (501, 9996) (519, 2) (1265, 9998) (2046, 0) (2507, 9999) (9866, 9999) (9911, 0) (9956, 9980) (9982, 8) (9993, 9959) (9996, 23) (9997, 109) (9997, 9817) (9999, 464) (9999, 4793) (9999, 9593) 

Tiempo: 47429

Number of threads used = 5
The points in Convex Hull are:
(0, 2668) (0, 4145) (0, 8944) (1, 308) (2, 9300) (6, 9701) (7, 55) (9, 9994) (34, 12) (86, 5) (211, 9995) (501, 9996) (519, 2) (1265, 9998) (2046, 0) (2507, 9999) (9866, 9999) (9911, 0) (9956, 9980) (9982, 8) (9993, 9959) (9996, 23) (9997, 109) (9997, 9817) (9999, 464) (9999, 4793) (9999, 9593) 

Tiempo: 45515

Number of threads used = 6
The points in Convex Hull are:
(0, 2668) (0, 4145) (0, 8944) (1, 308) (2, 9300) (6, 9701) (7, 55) (9, 9994) (34, 12) (86, 5) (211, 9995) (501, 9996) (519, 2) (1265, 9998) (2046, 0) (2507, 9999) (9866, 9999) (9911, 0) (9956, 9980) (9982, 8) (9993, 9959) (9996, 23) (9997, 109) (9997, 9817) (9999, 464) (9999, 4793) (9999, 9593) 

Tiempo: 45627

Number of threads used = 7
The points in Convex Hull are:
(0, 2668) (0, 4145) (0, 8944) (1, 308) (2, 9300) (6, 9701) (7, 55) (9, 9994) (34, 12) (86, 5) (211, 9995) (501, 9996) (519, 2) (1265, 9998) (2046, 0) (2507, 9999) (9866, 9999) (9911, 0) (9956, 9980) (9982, 8) (9993, 9959) (9996, 23) (9997, 109) (9997, 9817) (9999, 464) (9999, 4793) (9999, 9593) 

Tiempo: 48967

Number of threads used = 8
The points in Convex Hull are:
(0, 2668) (0, 4145) (0, 8944) (1, 308) (2, 9300) (6, 9701) (7, 55) (9, 9994) (34, 12) (86, 5) (211, 9995) (501, 9996) (519, 2) (1265, 9998) (2046, 0) (2507, 9999) (9866, 9999) (9911, 0) (9956, 9980) (9982, 8) (9993, 9959) (9996, 23) (9997, 109) (9997, 9817) (9999, 464) (9999, 4793) (9999, 9593) 

Tiempo: 46342

 ================================================ 
Maximum number of threads = 8

 ================================================ 

size: 10000
Number of threads used = 1
The points in Convex Hull are:
(0, 2911) (2, 7170) (3, 1071) (12, 249) (16, 135) (16, 8982) (32, 9743) (73, 9955) (95, 9993) (186, 60) (737, 3) (1256, 2) (1366, 9994) (3406, 0) (5328, 9996) (5905, 0) (7485, 9991) (8718, 1) (9671, 12) (9825, 9979) (9924, 149) (9958, 9972) (9964, 9914) (9982, 344) (9990, 9642) (9992, 725) (9998, 7943) (9999, 5855) 

Tiempo: 4680

Number of threads used = 2
The points in Convex Hull are:
(0, 2911) (2, 7170) (3, 1071) (12, 249) (16, 135) (16, 8982) (32, 9743) (73, 9955) (95, 9993) (186, 60) (737, 3) (1256, 2) (1366, 9994) (3406, 0) (5328, 9996) (5905, 0) (7485, 9991) (8718, 1) (9671, 12) (9825, 9979) (9924, 149) (9958, 9972) (9964, 9914) (9982, 344) (9990, 9642) (9992, 725) (9998, 7943) (9999, 5855) 

Tiempo: 4615

Number of threads used = 3
The points in Convex Hull are:
(0, 2911) (2, 7170) (3, 1071) (12, 249) (16, 135) (16, 8982) (32, 9743) (73, 9955) (95, 9993) (186, 60) (737, 3) (1256, 2) (1366, 9994) (3406, 0) (5328, 9996) (5905, 0) (7485, 9991) (8718, 1) (9671, 12) (9825, 9979) (9924, 149) (9958, 9972) (9964, 9914) (9982, 344) (9990, 9642) (9992, 725) (9998, 7943) (9999, 5855) 

Tiempo: 4636

Number of threads used = 4
The points in Convex Hull are:
(0, 2911) (2, 7170) (3, 1071) (12, 249) (16, 135) (16, 8982) (32, 9743) (73, 9955) (95, 9993) (186, 60) (737, 3) (1256, 2) (1366, 9994) (3406, 0) (5328, 9996) (5905, 0) (7485, 9991) (8718, 1) (9671, 12) (9825, 9979) (9924, 149) (9958, 9972) (9964, 9914) (9982, 344) (9990, 9642) (9992, 725) (9998, 7943) (9999, 5855) 

Tiempo: 4638

Number of threads used = 5
The points in Convex Hull are:
(0, 2911) (2, 7170) (3, 1071) (12, 249) (16, 135) (16, 8982) (32, 9743) (73, 9955) (95, 9993) (186, 60) (737, 3) (1256, 2) (1366, 9994) (3406, 0) (5328, 9996) (5905, 0) (7485, 9991) (8718, 1) (9671, 12) (9825, 9979) (9924, 149) (9958, 9972) (9964, 9914) (9982, 344) (9990, 9642) (9992, 725) (9998, 7943) (9999, 5855) 

Tiempo: 4696

Number of threads used = 6
The points in Convex Hull are:
(0, 2911) (2, 7170) (3, 1071) (12, 249) (16, 135) (16, 8982) (32, 9743) (73, 9955) (95, 9993) (186, 60) (737, 3) (1256, 2) (1366, 9994) (3406, 0) (5328, 9996) (5905, 0) (7485, 9991) (8718, 1) (9671, 12) (9825, 9979) (9924, 149) (9958, 9972) (9964, 9914) (9982, 344) (9990, 9642) (9992, 725) (9998, 7943) (9999, 5855) 

Tiempo: 4654

Number of threads used = 7
The points in Convex Hull are:
(0, 2911) (2, 7170) (3, 1071) (12, 249) (16, 135) (16, 8982) (32, 9743) (73, 9955) (95, 9993) (186, 60) (737, 3) (1256, 2) (1366, 9994) (3406, 0) (5328, 9996) (5905, 0) (7485, 9991) (8718, 1) (9671, 12) (9825, 9979) (9924, 149) (9958, 9972) (9964, 9914) (9982, 344) (9990, 9642) (9992, 725) (9998, 7943) (9999, 5855) 

Tiempo: 4644

Number of threads used = 8
The points in Convex Hull are:
(0, 2911) (2, 7170) (3, 1071) (12, 249) (16, 135) (16, 8982) (32, 9743) (73, 9955) (95, 9993) (186, 60) (737, 3) (1256, 2) (1366, 9994) (3406, 0) (5328, 9996) (5905, 0) (7485, 9991) (8718, 1) (9671, 12) (9825, 9979) (9924, 149) (9958, 9972) (9964, 9914) (9982, 344) (9990, 9642) (9992, 725) (9998, 7943) (9999, 5855) 

Tiempo: 4907

 ================================================ 
Maximum number of threads = 8

 ================================================ 

size: 1000
Number of threads used = 1
The points in Convex Hull are:
(0, 6) (0, 42) (0, 57) (1, 2) (1, 91) (3, 99) (35, 0) (89, 99) (96, 0) (98, 2) (98, 98) (99, 7) (99, 92) 

Tiempo: 237

Number of threads used = 2
The points in Convex Hull are:
(0, 6) (0, 42) (0, 57) (1, 2) (1, 91) (3, 99) (35, 0) (89, 99) (96, 0) (98, 2) (98, 98) (99, 7) (99, 92) 

Tiempo: 268

Number of threads used = 3
The points in Convex Hull are:
(0, 6) (0, 42) (0, 57) (1, 2) (1, 91) (3, 99) (35, 0) (89, 99) (96, 0) (98, 2) (98, 98) (99, 7) (99, 92) 

Tiempo: 241

Number of threads used = 4
The points in Convex Hull are:
(0, 6) (0, 42) (0, 57) (1, 2) (1, 91) (3, 99) (35, 0) (89, 99) (96, 0) (98, 2) (98, 98) (99, 7) (99, 92) 

Tiempo: 257

Number of threads used = 5
The points in Convex Hull are:
(0, 6) (0, 42) (0, 57) (1, 2) (1, 91) (3, 99) (35, 0) (89, 99) (96, 0) (98, 2) (98, 98) (99, 7) (99, 92) 

Tiempo: 233

Number of threads used = 6
The points in Convex Hull are:
(0, 6) (0, 42) (0, 57) (1, 2) (1, 91) (3, 99) (35, 0) (89, 99) (96, 0) (98, 2) (98, 98) (99, 7) (99, 92) 

Tiempo: 271

Number of threads used = 7
The points in Convex Hull are:
(0, 6) (0, 42) (0, 57) (1, 2) (1, 91) (3, 99) (35, 0) (89, 99) (96, 0) (98, 2) (98, 98) (99, 7) (99, 92) 

Tiempo: 234

Number of threads used = 8
The points in Convex Hull are:
(0, 6) (0, 42) (0, 57) (1, 2) (1, 91) (3, 99) (35, 0) (89, 99) (96, 0) (98, 2) (98, 98) (99, 7) (99, 92) 

Tiempo: 232

 ================================================ 
Maximum number of threads = 8

 ================================================ 

size: 100
Number of threads used = 1
The points in Convex Hull are:
(0, 1) (0, 9) (1, 0) (5, 9) (8, 8) (9, 0) (9, 5) 

Tiempo: 19

Number of threads used = 2
The points in Convex Hull are:
(0, 1) (0, 9) (1, 0) (5, 9) (8, 8) (9, 0) (9, 5) 

Tiempo: 19

Number of threads used = 3
The points in Convex Hull are:
(0, 1) (0, 9) (1, 0) (5, 9) (8, 8) (9, 0) (9, 5) 

Tiempo: 18

Number of threads used = 4
The points in Convex Hull are:
(0, 1) (0, 9) (1, 0) (5, 9) (8, 8) (9, 0) (9, 5) 

Tiempo: 18

Number of threads used = 5
The points in Convex Hull are:
(0, 1) (0, 9) (1, 0) (5, 9) (8, 8) (9, 0) (9, 5) 

Tiempo: 18

Number of threads used = 6
The points in Convex Hull are:
(0, 1) (0, 9) (1, 0) (5, 9) (8, 8) (9, 0) (9, 5) 

Tiempo: 18

Number of threads used = 7
The points in Convex Hull are:
(0, 1) (0, 9) (1, 0) (5, 9) (8, 8) (9, 0) (9, 5) 

Tiempo: 32

Number of threads used = 8
The points in Convex Hull are:
(0, 1) (0, 9) (1, 0) (5, 9) (8, 8) (9, 0) (9, 5) 

Tiempo: 29


 ================================================ 
Maximum number of threads = 8

 ================================================ 

size: 10
Number of threads used = 1
The points in Convex Hull are:
(2, 2) (2, 6) (6, 1) (9, 1) (9, 6) 

Tiempo: 6

Number of threads used = 2
The points in Convex Hull are:
(2, 2) (2, 6) (6, 1) (9, 1) (9, 6) 

Tiempo: 6

Number of threads used = 3
The points in Convex Hull are:
(2, 2) (2, 6) (6, 1) (9, 1) (9, 6) 

Tiempo: 18

Number of threads used = 4
The points in Convex Hull are:
(2, 2) (2, 6) (6, 1) (9, 1) (9, 6) 

Tiempo: 16

Number of threads used = 5
The points in Convex Hull are:
(2, 2) (2, 6) (6, 1) (9, 1) (9, 6) 

Tiempo: 5

Number of threads used = 6
The points in Convex Hull are:
(2, 2) (2, 6) (6, 1) (9, 1) (9, 6) 

Tiempo: 29

Number of threads used = 7
The points in Convex Hull are:
(2, 2) (2, 6) (6, 1) (9, 1) (9, 6) 

Tiempo: 8

Number of threads used = 8
The points in Convex Hull are:
(2, 2) (2, 6) (6, 1) (9, 1) (9, 6) 

Tiempo: 6

 ================================================ 

 Finalizing Thread Sweep for Quick Hull