================================================ 

size: 1000000
The points in Convex Hull are:
(0, 50) (0, 3378) (0, 9991) (1, 8) (11, 9996) (17, 5) (20, 9997) (47, 9999) (74, 1) (94, 0) (9640, 9999) (9766, 0) (9944, 9998) (9986, 1) (9990, 9996) (9995, 9990) (9998, 19) (9999, 152) (9999, 8784) (9999, 9961) 

Tiempo: 359268

size: 100000
The points in Convex Hull are:
(0, 1530) (0, 6203) (0, 9962) (1, 196) (4, 40) (38, 9995) (88, 5) (259, 0) (493, 9999) (8944, 0) (8974, 9999) (9753, 1) (9920, 9998) (9968, 5) (9979, 9993) (9992, 12) (9996, 51) (9996, 9898) (9998, 521) (9999, 1092) (9999, 6246) (9999, 9759) 

Tiempo: 37244

size: 10000
The points in Convex Hull are:
(0, 3353) (0, 6634) (2, 9316) (6, 9935) (13, 1577) (19, 1289) (37, 445) (49, 155) (57, 9959) (167, 57) (509, 9992) (773, 13) (1487, 9996) (2035, 6) (3144, 0) (4475, 9999) (9334, 2) (9564, 9992) (9852, 9920) (9934, 9785) (9962, 17) (9972, 9548) (9974, 31) (9988, 174) (9992, 8336) (9998, 7146) (9999, 1043) (9999, 2818) (9999, 3471) 

Tiempo: 6400

size: 1000
The points in Convex Hull are:
(0, 7) (0, 45) (0, 96) (3, 0) (3, 97) (7, 98) (16, 99) (92, 0) (97, 99) (98, 2) (98, 97) (99, 3) (99, 81) (99, 89) 

Tiempo: 248

size: 100
The points in Convex Hull are:
(0, 0) (0, 3) (0, 7) (2, 9) (8, 0) (9, 2) (9, 9) 

Tiempo: 20

size: 10
The points in Convex Hull are:
(2, 0) (2, 6) (6, 8) (9, 0) (9, 9) 

Tiempo: 6

 ================================================ 

Finalizing Size Sweep for Serial Quick Hull