Initializing Thread Sweep for Quick Hull

Maximum number of threads = 8

 ================================================ 
size: 1000000
Number of threads used = 1
The points in Convex Hull are:
(0, 25) (0, 4424) (0, 9953) (2, 9976) (6, 9992) (7, 9994) (17, 0) (138, 9999) (9959, 9999) (9986, 0) (9996, 6) (9997, 8) (9998, 9997) (9999, 127) (9999, 2496) (9999, 9989) 

Tiempo: 326681

Number of threads used = 2
The points in Convex Hull are:
(0, 25) (0, 4424) (0, 9953) (2, 9976) (6, 9992) (7, 9994) (17, 0) (138, 9999) (9959, 9999) (9986, 0) (9996, 6) (9997, 8) (9998, 9997) (9999, 127) (9999, 2496) (9999, 9989) 

Tiempo: 159216

Number of threads used = 3
The points in Convex Hull are:
(0, 25) (0, 4424) (0, 9953) (2, 9976) (6, 9992) (7, 9994) (17, 0) (138, 9999) (9959, 9999) (9986, 0) (9996, 6) (9997, 8) (9998, 9997) (9999, 127) (9999, 2496) (9999, 9989) 

Tiempo: 133544

Number of threads used = 4
The points in Convex Hull are:
(0, 25) (0, 4424) (0, 9953) (2, 9976) (6, 9992) (7, 9994) (17, 0) (138, 9999) (9959, 9999) (9986, 0) (9996, 6) (9997, 8) (9998, 9997) (9999, 127) (9999, 2496) (9999, 9989) 

Tiempo: 125216

Number of threads used = 5
The points in Convex Hull are:
(0, 25) (0, 4424) (0, 9953) (2, 9976) (6, 9992) (7, 9994) (17, 0) (138, 9999) (9959, 9999) (9986, 0) (9996, 6) (9997, 8) (9998, 9997) (9999, 127) (9999, 2496) (9999, 9989) 

Tiempo: 127345

Number of threads used = 6
The points in Convex Hull are:
(0, 25) (0, 4424) (0, 9953) (2, 9976) (6, 9992) (7, 9994) (17, 0) (138, 9999) (9959, 9999) (9986, 0) (9996, 6) (9997, 8) (9998, 9997) (9999, 127) (9999, 2496) (9999, 9989) 

Tiempo: 118189

Number of threads used = 7
The points in Convex Hull are:
(0, 25) (0, 4424) (0, 9953) (2, 9976) (6, 9992) (7, 9994) (17, 0) (138, 9999) (9959, 9999) (9986, 0) (9996, 6) (9997, 8) (9998, 9997) (9999, 127) (9999, 2496) (9999, 9989) 

Tiempo: 135287

Number of threads used = 8
The points in Convex Hull are:
(0, 25) (0, 4424) (0, 9953) (2, 9976) (6, 9992) (7, 9994) (17, 0) (138, 9999) (9959, 9999) (9986, 0) (9996, 6) (9997, 8) (9998, 9997) (9999, 127) (9999, 2496) (9999, 9989) 

Tiempo: 160464

 ================================================ 
Maximum number of threads = 8

 ================================================ 
size: 100000
Number of threads used = 1
The points in Convex Hull are:
(0, 2668) (0, 4145) (0, 8944) (1, 308) (2, 9300) (6, 9701) (7, 55) (9, 9994) (34, 12) (86, 5) (211, 9995) (501, 9996) (519, 2) (1265, 9998) (2046, 0) (2507, 9999) (9866, 9999) (9911, 0) (9956, 9980) (9982, 8) (9993, 9959) (9996, 23) (9997, 109) (9997, 9817) (9999, 464) (9999, 4793) (9999, 9593) 

Tiempo: 54475

Number of threads used = 2
The points in Convex Hull are:
(0, 2668) (0, 4145) (0, 8944) (1, 308) (2, 9300) (6, 9701) (7, 55) (9, 9994) (34, 12) (86, 5) (211, 9995) (501, 9996) (519, 2) (1265, 9998) (2046, 0) (2507, 9999) (9866, 9999) (9911, 0) (9956, 9980) (9982, 8) (9993, 9959) (9996, 23) (9997, 109) (9997, 9817) (9999, 464) (9999, 4793) (9999, 9593) 

Tiempo: 30445

Number of threads used = 3
The points in Convex Hull are:
(0, 2668) (0, 4145) (0, 8944) (1, 308) (2, 9300) (6, 9701) (7, 55) (9, 9994) (34, 12) (86, 5) (211, 9995) (501, 9996) (519, 2) (1265, 9998) (2046, 0) (2507, 9999) (9866, 9999) (9911, 0) (9956, 9980) (9982, 8) (9993, 9959) (9996, 23) (9997, 109) (9997, 9817) (9999, 464) (9999, 4793) (9999, 9593) 

Tiempo: 23767

Number of threads used = 4
The points in Convex Hull are:
(0, 2668) (0, 4145) (0, 8944) (1, 308) (2, 9300) (6, 9701) (7, 55) (9, 9994) (34, 12) (86, 5) (211, 9995) (501, 9996) (519, 2) (1265, 9998) (2046, 0) (2507, 9999) (9866, 9999) (9911, 0) (9956, 9980) (9982, 8) (9993, 9959) (9996, 23) (9997, 109) (9997, 9817) (9999, 464) (9999, 4793) (9999, 9593) 

Tiempo: 30304

Number of threads used = 5
The points in Convex Hull are:
(0, 2668) (0, 4145) (0, 8944) (1, 308) (2, 9300) (6, 9701) (7, 55) (9, 9994) (34, 12) (86, 5) (211, 9995) (501, 9996) (519, 2) (1265, 9998) (2046, 0) (2507, 9999) (9866, 9999) (9911, 0) (9956, 9980) (9982, 8) (9993, 9959) (9996, 23) (9997, 109) (9997, 9817) (9999, 464) (9999, 4793) (9999, 9593) 

Tiempo: 27678

Number of threads used = 6
The points in Convex Hull are:
(0, 2668) (0, 4145) (0, 8944) (1, 308) (2, 9300) (6, 9701) (7, 55) (9, 9994) (34, 12) (86, 5) (211, 9995) (501, 9996) (519, 2) (1265, 9998) (2046, 0) (2507, 9999) (9866, 9999) (9911, 0) (9956, 9980) (9982, 8) (9993, 9959) (9996, 23) (9997, 109) (9997, 9817) (9999, 464) (9999, 4793) (9999, 9593) 

Tiempo: 43276

Number of threads used = 7
The points in Convex Hull are:
(0, 2668) (0, 4145) (0, 8944) (1, 308) (2, 9300) (6, 9701) (7, 55) (9, 9994) (34, 12) (86, 5) (211, 9995) (501, 9996) (519, 2) (1265, 9998) (2046, 0) (2507, 9999) (9866, 9999) (9911, 0) (9956, 9980) (9982, 8) (9993, 9959) (9996, 23) (9997, 109) (9997, 9817) (9999, 464) (9999, 4793) (9999, 9593) 

Tiempo: 35518

Number of threads used = 8
The points in Convex Hull are:
(0, 2668) (0, 4145) (0, 8944) (1, 308) (2, 9300) (6, 9701) (7, 55) (9, 9994) (34, 12) (86, 5) (211, 9995) (501, 9996) (519, 2) (1265, 9998) (2046, 0) (2507, 9999) (9866, 9999) (9911, 0) (9956, 9980) (9982, 8) (9993, 9959) (9996, 23) (9997, 109) (9997, 9817) (9999, 464) (9999, 4793) (9999, 9593) 

Tiempo: 32320

 ================================================ 
Maximum number of threads = 8

 ================================================ 
size: 10000
Number of threads used = 1
The points in Convex Hull are:
(0, 2911) (2, 7170) (3, 1071) (12, 249) (16, 135) (16, 8982) (32, 9743) (73, 9955) (95, 9993) (186, 60) (737, 3) (1256, 2) (1366, 9994) (3406, 0) (5328, 9996) (5905, 0) (7485, 9991) (8718, 1) (9671, 12) (9825, 9979) (9924, 149) (9958, 9972) (9964, 9914) (9982, 344) (9990, 9642) (9992, 725) (9998, 7943) (9999, 5855) 

Tiempo: 7724

Number of threads used = 2
The points in Convex Hull are:
(0, 2911) (2, 7170) (3, 1071) (12, 249) (16, 135) (16, 8982) (32, 9743) (73, 9955) (95, 9993) (186, 60) (737, 3) (1256, 2) (1366, 9994) (3406, 0) (5328, 9996) (5905, 0) (7485, 9991) (8718, 1) (9671, 12) (9825, 9979) (9924, 149) (9958, 9972) (9964, 9914) (9982, 344) (9990, 9642) (9992, 725) (9998, 7943) (9999, 5855) 

Tiempo: 5846

Number of threads used = 3
The points in Convex Hull are:
(0, 2911) (2, 7170) (3, 1071) (12, 249) (16, 135) (16, 8982) (32, 9743) (73, 9955) (95, 9993) (186, 60) (737, 3) (1256, 2) (1366, 9994) (3406, 0) (5328, 9996) (5905, 0) (7485, 9991) (8718, 1) (9671, 12) (9825, 9979) (9924, 149) (9958, 9972) (9964, 9914) (9982, 344) (9990, 9642) (9992, 725) (9998, 7943) (9999, 5855) 

Tiempo: 3297

Number of threads used = 4
The points in Convex Hull are:
(0, 2911) (2, 7170) (3, 1071) (12, 249) (16, 135) (16, 8982) (32, 9743) (73, 9955) (95, 9993) (186, 60) (737, 3) (1256, 2) (1366, 9994) (3406, 0) (5328, 9996) (5905, 0) (7485, 9991) (8718, 1) (9671, 12) (9825, 9979) (9924, 149) (9958, 9972) (9964, 9914) (9982, 344) (9990, 9642) (9992, 725) (9998, 7943) (9999, 5855) 

Tiempo: 2993

Number of threads used = 5
The points in Convex Hull are:
(0, 2911) (2, 7170) (3, 1071) (12, 249) (16, 135) (16, 8982) (32, 9743) (73, 9955) (95, 9993) (186, 60) (737, 3) (1256, 2) (1366, 9994) (3406, 0) (5328, 9996) (5905, 0) (7485, 9991) (8718, 1) (9671, 12) (9825, 9979) (9924, 149) (9958, 9972) (9964, 9914) (9982, 344) (9990, 9642) (9992, 725) (9998, 7943) (9999, 5855) 

Tiempo: 1546

Number of threads used = 6
The points in Convex Hull are:
(0, 2911) (2, 7170) (3, 1071) (12, 249) (16, 135) (16, 8982) (32, 9743) (73, 9955) (95, 9993) (186, 60) (737, 3) (1256, 2) (1366, 9994) (3406, 0) (5328, 9996) (5905, 0) (7485, 9991) (8718, 1) (9671, 12) (9825, 9979) (9924, 149) (9958, 9972) (9964, 9914) (9982, 344) (9990, 9642) (9992, 725) (9998, 7943) (9999, 5855) 

Tiempo: 2243

Number of threads used = 7
The points in Convex Hull are:
(0, 2911) (2, 7170) (3, 1071) (12, 249) (16, 135) (16, 8982) (32, 9743) (73, 9955) (95, 9993) (186, 60) (737, 3) (1256, 2) (1366, 9994) (3406, 0) (5328, 9996) (5905, 0) (7485, 9991) (8718, 1) (9671, 12) (9825, 9979) (9924, 149) (9958, 9972) (9964, 9914) (9982, 344) (9990, 9642) (9992, 725) (9998, 7943) (9999, 5855) 

Tiempo: 49677

Number of threads used = 8
The points in Convex Hull are:
(0, 2911) (2, 7170) (3, 1071) (12, 249) (16, 135) (16, 8982) (32, 9743) (73, 9955) (95, 9993) (186, 60) (737, 3) (1256, 2) (1366, 9994) (3406, 0) (5328, 9996) (5905, 0) (7485, 9991) (8718, 1) (9671, 12) (9825, 9979) (9924, 149) (9958, 9972) (9964, 9914) (9982, 344) (9990, 9642) (9992, 725) (9998, 7943) (9999, 5855) 

Tiempo: 241941

 ================================================ 
Maximum number of threads = 8

 ================================================ 

size: 1000
Number of threads used = 1
The points in Convex Hull are:
(0, 6) (0, 42) (0, 57) (1, 2) (1, 91) (3, 99) (35, 0) (89, 99) (96, 0) (98, 2) (98, 98) (99, 7) (99, 92) 

Tiempo: 295

Number of threads used = 2
The points in Convex Hull are:
(0, 6) (0, 42) (0, 57) (1, 2) (1, 91) (3, 99) (35, 0) (89, 99) (96, 0) (98, 2) (98, 98) (99, 7) (99, 92) 

Tiempo: 800

Number of threads used = 3
The points in Convex Hull are:
(0, 6) (0, 42) (0, 57) (1, 2) (1, 91) (3, 99) (35, 0) (89, 99) (96, 0) (98, 2) (98, 98) (99, 7) (99, 92) 

Tiempo: 392

Number of threads used = 4
The points in Convex Hull are:
(0, 6) (0, 42) (0, 57) (1, 2) (1, 91) (3, 99) (35, 0) (89, 99) (96, 0) (98, 2) (98, 98) (99, 7) (99, 92) 

Tiempo: 756

Number of threads used = 5
The points in Convex Hull are:
(0, 6) (0, 42) (0, 57) (1, 2) (1, 91) (3, 99) (35, 0) (89, 99) (96, 0) (98, 2) (98, 98) (99, 7) (99, 92) 

Tiempo: 2259

Number of threads used = 6
The points in Convex Hull are:
(0, 6) (0, 42) (0, 57) (1, 2) (1, 91) (3, 99) (35, 0) (89, 99) (96, 0) (98, 2) (98, 98) (99, 7) (99, 92) 

Tiempo: 241

Number of threads used = 7
The points in Convex Hull are:
(0, 6) (0, 8) (0, 42) (0, 57) (1, 2) (1, 91) (3, 99) (35, 0) (67, 0) (89, 99) (96, 0) (98, 2) (98, 98) (99, 7) (99, 92) 

Tiempo: 1856

Number of threads used = 8
The points in Convex Hull are:
(0, 6) (0, 42) (0, 57) (1, 2) (1, 91) (3, 99) (35, 0) (82, 0) (89, 99) (96, 0) (98, 2) (98, 98) (99, 7) (99, 92) 

Tiempo: 250377

 ================================================ 
Maximum number of threads = 8

 ================================================ 

size: 100
Number of threads used = 1
The points in Convex Hull are:
(0, 1) (0, 9) (1, 0) (5, 9) (8, 8) (9, 0) (9, 5) 

Tiempo: 782

Number of threads used = 2
The points in Convex Hull are:
(0, 1) (0, 8) (0, 9) (1, 0) (5, 9) (8, 8) (9, 0) (9, 5) 

Tiempo: 1649

Number of threads used = 3
The points in Convex Hull are:
(0, 1) (0, 9) (1, 0) (5, 9) (8, 8) (9, 0) (9, 5) 

Tiempo: 1255

Number of threads used = 4
The points in Convex Hull are:
(0, 1) (0, 9) (1, 0) (5, 9) (8, 8) (9, 0) (9, 5) 

Tiempo: 355

Number of threads used = 5
The points in Convex Hull are:
(0, 1) (0, 9) (1, 0) (5, 9) (8, 8) (9, 0) (9, 5) 

Tiempo: 331

Number of threads used = 6
The points in Convex Hull are:
(0, 1) (0, 9) (1, 0) (5, 9) (8, 8) (9, 0) (9, 5) 

Tiempo: 559

Number of threads used = 7
The points in Convex Hull are:
(0, 1) (0, 9) (1, 0) (5, 9) (8, 8) (9, 0) (9, 5) 

Tiempo: 6804

Number of threads used = 8
The points in Convex Hull are:
(0, 1) (0, 9) (1, 0) (5, 0) (5, 9) (8, 8) (9, 0) (9, 5) 

Tiempo: 5029

 ================================================ 
Maximum number of threads = 8

 ================================================ 
size: 10
Number of threads used = 1
The points in Convex Hull are:
(2, 2) (2, 6) (6, 1) (9, 1) (9, 6) 

Tiempo: 148

Number of threads used = 2
The points in Convex Hull are:
(2, 2) (2, 6) (6, 1) (9, 1) (9, 6) 

Tiempo: 280

Number of threads used = 3
The points in Convex Hull are:
(2, 2) (2, 6) (6, 1) (9, 1) (9, 6) 

Tiempo: 215

Number of threads used = 4
The points in Convex Hull are:
(2, 2) (2, 6) (6, 1) (9, 1) (9, 6) 

Tiempo: 202

Number of threads used = 5
The points in Convex Hull are:
(2, 2) (2, 6) (6, 1) (9, 1) (9, 5) (9, 6) 

Tiempo: 214

Number of threads used = 6
The points in Convex Hull are:
(2, 2) (2, 6) (6, 1) (9, 1) (9, 6) 

Tiempo: 216

Number of threads used = 7
The points in Convex Hull are:
(2, 2) (2, 6) (6, 1) (9, 1) (9, 6) 

Tiempo: 33404

Number of threads used = 8
The points in Convex Hull are:
(2, 2) (2, 6) (6, 1) (9, 1) (9, 6) 

Tiempo: 104706

 ================================================ 

 Finalizing Thread Sweep for Quick Hull